<?xml version="1.0" encoding="UTF-8"?>
<document version="1.1.0">
  <chunk>
    <sensors>
      <sensor id="0" label="Canon EOS 600D (55 mm)" type="frame">
        <resolution width="5184" height="3456"/>
        <property name="pixel_width" value="4.4035976080246883e-003"/>
        <property name="pixel_height" value="4.4035976080246883e-003"/>
        <property name="focal_length" value="5.5000000000000000e+001"/>
        <property name="fixed" value="false"/>
        <calibration type="frame" class="adjusted">
          <resolution width="5184" height="3456"/>
          <fx>1.2150562329667689e+004</fx>
          <fy>1.2150562329667689e+004</fy>
          <cx>2.6145960461473387e+003</cx>
          <cy>1.5389560857286074e+003</cy>
          <k1>5.2280291833021422e-002</k1>
          <k2>1.4826426326959588e+000</k2>
          <k3>-1.2252210252903410e+001</k3>
        </calibration>
      </sensor>
      <sensor id="1" label="Canon EOS 600D (55 mm)" type="frame">
        <resolution width="5184" height="3456"/>
        <property name="pixel_width" value="4.4035976080246883e-003"/>
        <property name="pixel_height" value="4.4035976080246883e-003"/>
        <property name="focal_length" value="5.5000000000000000e+001"/>
        <property name="fixed" value="false"/>
        <calibration type="frame" class="adjusted">
          <resolution width="5184" height="3456"/>
          <fx>1.2164268206473680e+004</fx>
          <fy>1.2164268206473680e+004</fy>
          <cx>2.6275384899581686e+003</cx>
          <cy>1.5624962199304173e+003</cy>
          <k1>8.9431690469316122e-002</k1>
          <k2>9.3531510321115910e-002</k2>
          <k3>-4.9452507958731342e+000</k3>
        </calibration>
      </sensor>
    </sensors>
    <cameras>
      <camera id="0" label="IMG_8839.JPG" sensor_id="0" enabled="true">
        <transform>1.0000000000000000e+000 0.0000000000000000e+000 0.0000000000000000e+000 0.0000000000000000e+000 0.0000000000000000e+000 1.0000000000000000e+000 0.0000000000000000e+000 0.0000000000000000e+000 0.0000000000000000e+000 0.0000000000000000e+000 1.0000000000000000e+000 0.0000000000000000e+000 0.0000000000000000e+000 0.0000000000000000e+000 0.0000000000000000e+000 1.0000000000000000e+000</transform>
        <orientation>1</orientation>
      </camera>
      <camera id="1" label="IMG_8840.JPG" sensor_id="0" enabled="true">
        <transform>9.7401361998551461e-001 1.0175464867099787e-001 -2.0234490247237594e-001 2.2938344337397036e+000 -1.0251854243742103e-001 9.9470832825884847e-001 6.7297956130602382e-003 -1.3495339395170852e-001 2.0195894765823139e-001 1.4189191884270654e-002 9.7929119790512320e-001 3.5438782809325425e-001 0.0000000000000000e+000 0.0000000000000000e+000 0.0000000000000000e+000 1.0000000000000000e+000</transform>
        <orientation>1</orientation>
      </camera>
      <camera id="2" label="IMG_8841.JPG" sensor_id="0" enabled="true">
        <transform>8.4862872465649464e-001 2.4276808761879809e-001 -4.6999249283558026e-001 5.0517738500821210e+000 -2.4270908286786996e-001 9.6812662614341449e-001 6.1831519839050234e-002 -6.5823073895994899e-001 4.7002296622753320e-001 6.1599443066321660e-002 8.8050208394562601e-001 1.5921957556198438e+000 0.0000000000000000e+000 0.0000000000000000e+000 0.0000000000000000e+000 1.0000000000000000e+000</transform>
        <orientation>1</orientation>
      </camera>
      <camera id="3" label="IMG_8842.JPG" sensor_id="0" enabled="true">
        <transform>6.5535997606925511e-001 3.4104240936757552e-001 -6.7393870402230527e-001 7.2777042616019871e+000 -3.4842401309795829e-001 9.2815628148788543e-001 1.3086872900465923e-001 -1.4694725672947484e+000 6.7015222812672870e-001 1.4905030072878145e-001 7.2710384333287681e-001 3.4171839303057676e+000 0.0000000000000000e+000 0.0000000000000000e+000 0.0000000000000000e+000 1.0000000000000000e+000</transform>
        <orientation>1</orientation>
      </camera>
      <camera id="4" label="IMG_8843.JPG" sensor_id="0" enabled="true">
        <transform>4.1493470567555502e-001 4.0626412831805037e-001 -8.1411218395741691e-001 8.7528731519572158e+000 -4.2322215474654246e-001 8.7826278405812763e-001 2.2257019088404437e-001 -2.4314892974232101e+000 8.0542671780717201e-001 2.5219821605324855e-001 5.3636168959194386e-001 5.4078836402337229e+000 0.0000000000000000e+000 0.0000000000000000e+000 0.0000000000000000e+000 1.0000000000000000e+000</transform>
        <orientation>1</orientation>
      </camera>
      <camera id="5" label="IMG_8844.JPG" sensor_id="0" enabled="true">
        <transform>1.3907362989520278e-001 4.3607785355486978e-001 -8.8909764992758222e-001 9.5785201712099752e+000 -4.6621972125964989e-001 8.2092993419091009e-001 3.2971687044778575e-001 -3.6588479474373381e+000 8.7366910039004253e-001 3.6865993651098727e-001 3.1747780116941759e-001 7.9110972040931857e+000 0.0000000000000000e+000 0.0000000000000000e+000 0.0000000000000000e+000 1.0000000000000000e+000</transform>
        <orientation>1</orientation>
      </camera>
      <camera id="6" label="IMG_8845.JPG" sensor_id="0" enabled="true">
        <transform>-1.0672350321044444e-001 4.3117538095953561e-001 -8.9593408502907701e-001 9.6390958659156034e+000 -4.7336063788211430e-001 7.7037866461876081e-001 4.2713747155225434e-001 -4.7661233689806419e+000 8.7437966602976769e-001 4.6968553730620055e-001 1.2188394348337124e-001 1.0138145813320953e+001 0.0000000000000000e+000 0.0000000000000000e+000 0.0000000000000000e+000 1.0000000000000000e+000</transform>
        <orientation>1</orientation>
      </camera>
      <camera id="7" label="IMG_8846.JPG" sensor_id="0" enabled="true">
        <transform>-3.8215033778856666e-001 3.9151417777964553e-001 -8.3706497234420973e-001 8.9474918979180860e+000 -4.4769115659986009e-001 7.1398215168695978e-001 5.3833271809796091e-001 -6.0340175254008415e+000 8.0841434155410929e-001 5.8047061568178204e-001 -9.7571085366766619e-002 1.2636505828144410e+001 0.0000000000000000e+000 0.0000000000000000e+000 0.0000000000000000e+000 1.0000000000000000e+000</transform>
        <orientation>1</orientation>
      </camera>
      <camera id="8" label="IMG_8847.JPG" sensor_id="0" enabled="true">
        <transform>-5.8053704101611714e-001 3.3509872019182363e-001 -7.4208193060743155e-001 7.8481139747670756e+000 -4.0280280874700658e-001 6.7385799554857917e-001 6.1940721589336789e-001 -6.9509145177466349e+000 7.0762040761539180e-001 6.5850151826784176e-001 -2.5622082110003019e-001 1.4438035271025297e+001 0.0000000000000000e+000 0.0000000000000000e+000 0.0000000000000000e+000 1.0000000000000000e+000</transform>
        <orientation>1</orientation>
      </camera>
      <camera id="9" label="IMG_8848.JPG" sensor_id="0" enabled="true">
        <transform>-7.5057903806957427e-001 2.5982121084126475e-001 -6.0755579662079751e-001 6.3059272014257930e+000 -3.3708528370685575e-001 6.4026141800021619e-001 6.9024548396104835e-001 -7.7522843086324373e+000 5.6833495327915695e-001 7.2288190945501762e-001 -3.9298489266617698e-001 1.5984776459625779e+001 0.0000000000000000e+000 0.0000000000000000e+000 0.0000000000000000e+000 1.0000000000000000e+000</transform>
        <orientation>1</orientation>
      </camera>
      <camera id="10" label="IMG_8849.JPG" sensor_id="0" enabled="true">
        <transform>-8.8530713695813279e-001 1.6464265896707111e-001 -4.3488397084653135e-001 4.4659785531503058e+000 -2.5161873943479141e-001 6.1686333625505119e-001 7.4576647440705868e-001 -8.3063860567131318e+000 3.9104895245511212e-001 7.6965733884147447e-001 -5.0468633580791478e-001 1.6960468315016914e+001 0.0000000000000000e+000 0.0000000000000000e+000 0.0000000000000000e+000 1.0000000000000000e+000</transform>
        <orientation>1</orientation>
      </camera>
      <camera id="11" label="IMG_8850.JPG" sensor_id="0" enabled="true">
        <transform>-9.7141765683841719e-001 5.7916293193872474e-002 -2.3020303856648031e-001 2.1957797564328363e+000 -1.5025562701799228e-001 6.0074506932983829e-001 7.8519335722184869e-001 -8.7611010952788533e+000 1.8376882905430128e-001 7.9733999313879222e-001 -5.7487211865722077e-001 1.7784515082700235e+001 0.0000000000000000e+000 0.0000000000000000e+000 0.0000000000000000e+000 1.0000000000000000e+000</transform>
        <orientation>1</orientation>
      </camera>
      <camera id="12" label="IMG_8851.JPG" sensor_id="0" enabled="true">
        <transform>-9.9846222022098807e-001 -5.4922897467533913e-002 -7.5279562396378154e-003 -2.8955904113015879e-001 -3.8874155349776798e-002 5.9686339350281403e-001 8.0140057994872083e-001 -8.9595494229588422e+000 -3.9522080375614915e-002 8.0046084528231332e-001 -5.9808063029386571e-001 1.8084285498380801e+001 0.0000000000000000e+000 0.0000000000000000e+000 0.0000000000000000e+000 1.0000000000000000e+000</transform>
        <orientation>1</orientation>
      </camera>
      <camera id="13" label="IMG_8852.JPG" sensor_id="0" enabled="true">
        <transform>-9.7405918422799531e-001 -1.4518575397546807e-001 1.7357938375183571e-001 -2.3204592787065081e+000 5.2006551498407223e-002 6.0290019122263871e-001 7.9611976361911130e-001 -8.9208393079203887e+000 -2.2023629179210155e-001 7.8449503265876763e-001 -5.7970985804226527e-001 1.7915467289471639e+001 0.0000000000000000e+000 0.0000000000000000e+000 0.0000000000000000e+000 1.0000000000000000e+000</transform>
        <orientation>1</orientation>
      </camera>
      <camera id="14" label="IMG_8853.JPG" sensor_id="0" enabled="true">
        <transform>-9.0241506242047642e-001 -2.2063637606960174e-001 3.7009004940895263e-001 -4.5058700302030505e+000 1.5458454324435988e-001 6.3596513090639561e-001 7.5607669667907573e-001 -8.7255732038398115e+000 -4.0218238910546589e-001 7.3950520067548120e-001 -5.3979753988633150e-001 1.7245225657972863e+001 0.0000000000000000e+000 0.0000000000000000e+000 0.0000000000000000e+000 1.0000000000000000e+000</transform>
        <orientation>1</orientation>
      </camera>
      <camera id="15" label="IMG_8854.JPG" sensor_id="0" enabled="true">
        <transform>-7.3902376474609754e-001 -3.2143054810586219e-001 5.9205259722837933e-001 -6.9865968934759390e+000 2.6743348761267521e-001 6.6664387381750889e-001 6.9574799691045153e-001 -8.0759440715391442e+000 -6.1832289691052644e-001 6.7250899491824623e-001 -4.0670437286833361e-001 1.5806235741670665e+001 0.0000000000000000e+000 0.0000000000000000e+000 0.0000000000000000e+000 1.0000000000000000e+000</transform>
        <orientation>1</orientation>
      </camera>
      <camera id="16" label="IMG_8855.JPG" sensor_id="0" enabled="true">
        <transform>-5.4673886837536456e-001 -3.8745270478772548e-001 7.4226478520828498e-001 -8.6731395535929643e+000 3.4563973999398140e-001 7.0300049448329338e-001 6.2154925379501291e-001 -7.2677788076587770e+000 -7.6263345058063037e-001 5.9638134302551760e-001 -2.5043864267832350e-001 1.4100474258683768e+001 0.0000000000000000e+000 0.0000000000000000e+000 0.0000000000000000e+000 1.0000000000000000e+000</transform>
        <orientation>1</orientation>
      </camera>
      <camera id="17" label="IMG_8856.JPG" sensor_id="0" enabled="true">
        <transform>-3.4297228293923665e-001 -4.2706919147832506e-001 8.3664922089576932e-001 -1.0012098369863821e+001 3.9651354266954225e-001 7.4161051933755417e-001 5.4110151366220749e-001 -6.2841721003268809e+000 -8.5155564915928850e-001 5.1732556799169793e-001 -8.5013134790866085e-002 1.2071060660387287e+001 0.0000000000000000e+000 0.0000000000000000e+000 0.0000000000000000e+000 1.0000000000000000e+000</transform>
        <orientation>1</orientation>
      </camera>
      <camera id="18" label="IMG_8857.JPG" sensor_id="0" enabled="true">
        <transform>-8.3911732347656226e-002 -4.4733375753047816e-001 8.9042199576834280e-001 -1.0580478238239989e+001 4.2884278947594218e-001 7.9037896199524349e-001 4.3748709506660233e-001 -5.1179034447489595e+000 -8.9947355886035263e-001 4.1856135250281401e-001 1.2551378849396180e-001 9.6976834941423231e+000 0.0000000000000000e+000 0.0000000000000000e+000 0.0000000000000000e+000 1.0000000000000000e+000</transform>
        <orientation>1</orientation>
      </camera>
      <camera id="19" label="IMG_8858.JPG" sensor_id="0" enabled="true">
        <transform>1.0661294505050972e-001 -4.4420431809943384e-001 8.8955955603291359e-001 -1.0538160179717519e+001 4.3227184812859898e-001 8.2639284720301753e-001 3.6085441857787476e-001 -4.2583181233722653e+000 -8.9541874520424403e-001 3.4605980100772687e-001 2.8012119674053587e-001 7.9582245032431782e+000 0.0000000000000000e+000 0.0000000000000000e+000 0.0000000000000000e+000 1.0000000000000000e+000</transform>
        <orientation>1</orientation>
      </camera>
      <camera id="20" label="IMG_8859.JPG" sensor_id="0" enabled="true">
        <transform>3.1087847365515742e-001 -4.2349515071125510e-001 8.5088567501274270e-001 -1.0067707670446651e+001 4.1718993888782185e-001 8.6519438790147740e-001 2.7819278573421613e-001 -3.3312807465169505e+000 -8.5399480648808113e-001 2.6849679414815986e-001 4.4564822677033689e-001 6.1181641558944451e+000 0.0000000000000000e+000 0.0000000000000000e+000 0.0000000000000000e+000 1.0000000000000000e+000</transform>
        <orientation>1</orientation>
      </camera>
      <camera id="21" label="IMG_8860.JPG" sensor_id="0" enabled="true">
        <transform>5.1810167286708797e-001 -3.8038499462942632e-001 7.6607957317311115e-001 -9.0813260160738576e+000 3.7926867023164057e-001 9.0496702277810903e-001 1.9284699495934221e-001 -2.3760972511230372e+000 -7.6663285368750533e-001 1.9063563031316261e-001 6.1313303948005871e-001 4.2457334121459258e+000 0.0000000000000000e+000 0.0000000000000000e+000 0.0000000000000000e+000 1.0000000000000000e+000</transform>
        <orientation>1</orientation>
      </camera>
      <camera id="22" label="IMG_8861.JPG" sensor_id="1" enabled="true">
        <transform>-3.8786941033986289e-001 -4.0756079321197847e-001 8.2671126783117554e-001 -9.8386969986062383e+000 -6.9325428978547848e-002 -8.8148761752724547e-001 -4.6709053195615191e-001 5.9203472361693956e+000 9.1910353356928576e-001 -2.3848224248896097e-001 3.1364775560792546e-001 7.5766967657405981e+000 0.0000000000000000e+000 0.0000000000000000e+000 0.0000000000000000e+000 1.0000000000000000e+000</transform>
        <orientation>1</orientation>
      </camera>
      <camera id="23" label="IMG_8862.JPG" sensor_id="1" enabled="true">
        <transform>-1.4806727673854747e-001 -4.3136502639186419e-001 8.8994398450979850e-001 -1.0508165413616858e+001 -7.7137882935501445e-002 -8.9208420466265925e-001 -4.4523647515406856e-001 5.6718261283159546e+000 9.8596441547119684e-001 -1.3457334727700337e-001 9.8813893897587657e-002 1.0035501527477955e+001 0.0000000000000000e+000 0.0000000000000000e+000 0.0000000000000000e+000 1.0000000000000000e+000</transform>
        <orientation>1</orientation>
      </camera>
      <camera id="24" label="IMG_8863.JPG" sensor_id="1" enabled="true">
        <transform>1.0773598997547318e-001 -4.3069080389509912e-001 8.9604597421348775e-001 -1.0518112489289777e+001 -7.9521482162023982e-002 -9.0213728164334694e-001 -4.2405737694786960e-001 5.4299039499769615e+000 9.9099409197974542e-001 -2.5568662642890233e-002 -1.3144182421091977e-001 1.2649309826715662e+001 0.0000000000000000e+000 0.0000000000000000e+000 0.0000000000000000e+000 1.0000000000000000e+000</transform>
        <orientation>1</orientation>
      </camera>
      <camera id="25" label="IMG_8864.JPG" sensor_id="1" enabled="true">
        <transform>3.5286586441323231e-001 -4.0101080983941739e-001 8.4538512650970910e-001 -9.8789447745661683e+000 -7.4765473906632990e-002 -9.1269919082469442e-001 -4.0173412971698658e-001 5.1759468265607671e+000 9.3268204959858581e-001 7.8552641329764805e-002 -3.5204215215894019e-001 1.5135102217061650e+001 0.0000000000000000e+000 0.0000000000000000e+000 0.0000000000000000e+000 1.0000000000000000e+000</transform>
        <orientation>1</orientation>
      </camera>
      <camera id="26" label="IMG_8865.JPG" sensor_id="1" enabled="true">
        <transform>6.0403665146599861e-001 -3.3764000082738754e-001 7.2189954531570777e-001 -8.4287417782768870e+000 -6.1997605948915707e-002 -9.2298319268940232e-001 -3.7981353697502745e-001 4.9329853269841095e+000 7.9454139007502111e-001 1.8466525351066815e-001 -5.7844854879539098e-001 1.7680130291770141e+001 0.0000000000000000e+000 0.0000000000000000e+000 0.0000000000000000e+000 1.0000000000000000e+000</transform>
        <orientation>1</orientation>
      </camera>
      <camera id="27" label="IMG_8866.JPG" sensor_id="1" enabled="true">
        <transform>7.3269998176190687e-001 -2.8503266733327981e-001 6.1798633907148559e-001 -7.2211059346931101e+000 -5.1581897128178220e-002 -9.2871376792817961e-001 -3.6719210932330970e-001 4.7910080110607298e+000 6.7859416783137727e-001 2.3716474403570029e-001 -6.9517108654756443e-001 1.8970349329787378e+001 0.0000000000000000e+000 0.0000000000000000e+000 0.0000000000000000e+000 1.0000000000000000e+000</transform>
        <orientation>1</orientation>
      </camera>
      <camera id="28" label="IMG_8867.JPG" sensor_id="1" enabled="true">
        <transform>8.8079163123995052e-001 -1.9266301389878987e-001 4.3253562328795803e-001 -5.0850868146870578e+000 -3.1380548358206903e-002 -9.3522104848088272e-001 -3.5267102470015405e-001 4.6278157501972572e+000 4.7246308165020245e-001 2.9705648209347851e-001 -8.2978074388590217e-001 2.0449495236002029e+001 0.0000000000000000e+000 0.0000000000000000e+000 0.0000000000000000e+000 1.0000000000000000e+000</transform>
        <orientation>1</orientation>
      </camera>
      <camera id="29" label="IMG_8868.JPG" sensor_id="1" enabled="true">
        <transform>9.7501588579091925e-001 -8.2647041385214962e-002 2.0618799432949586e-001 -2.4922166617626438e+000 -6.8902167584765223e-003 -9.3901525614011194e-001 -3.4380644794584819e-001 4.5345630800603631e+000 2.2202825804021176e-001 3.3379606841062487e-001 -9.1612424776622881e-001 2.1375153077656748e+001 0.0000000000000000e+000 0.0000000000000000e+000 0.0000000000000000e+000 1.0000000000000000e+000</transform>
        <orientation>1</orientation>
      </camera>
      <camera id="30" label="IMG_8869.JPG" sensor_id="1" enabled="true">
        <transform>9.9890245462246452e-001 3.3364501844684105e-002 -3.2873943570422406e-002 2.2403234017822271e-001 2.0162481391942197e-002 -9.3978926786471295e-001 -3.4115920968138375e-001 4.5148256783271066e+000 -4.2277186440618661e-002 3.4012195169227583e-001 -9.3943051764550545e-001 2.1589126126784969e+001 0.0000000000000000e+000 0.0000000000000000e+000 0.0000000000000000e+000 1.0000000000000000e+000</transform>
        <orientation>1</orientation>
      </camera>
      <camera id="31" label="IMG_8870.JPG" sensor_id="1" enabled="true">
        <transform>9.6365498887025614e-001 1.2962347134228355e-001 -2.3359541541443615e-001 2.4893761586512575e+000 4.2484484638306008e-002 -9.3762834717428956e-001 -3.4503355074576070e-001 4.5637834792756848e+000 -2.6375012983974877e-001 3.2256912166601759e-001 -9.0905722083768170e-001 2.1185300923267850e+001 0.0000000000000000e+000 0.0000000000000000e+000 0.0000000000000000e+000 1.0000000000000000e+000</transform>
        <orientation>1</orientation>
      </camera>
      <camera id="32" label="IMG_8871.JPG" sensor_id="1" enabled="true">
        <transform>8.8749890294255696e-001 2.1310695226226586e-001 -4.0857205505669020e-001 4.4598661108908031e+000 6.2640600322602852e-002 -9.3420185175598658e-001 -3.5120229977451717e-001 4.6399939779162889e+000 -4.5653242214215489e-001 2.8609845695699626e-001 -8.4245226598297140e-001 2.0393625856200195e+001 0.0000000000000000e+000 0.0000000000000000e+000 0.0000000000000000e+000 1.0000000000000000e+000</transform>
        <orientation>1</orientation>
      </camera>
      <camera id="33" label="IMG_8872.JPG" sensor_id="1" enabled="true">
        <transform>7.5964088999702040e-001 2.9360131783225685e-001 -5.8029646251868228e-001 6.3778985786842952e+000 8.2006125106701425e-002 -9.2841512716645602e-001 -3.6238149386175517e-001 4.7689046007358389e+000 -6.4515169819936025e-001 2.2769193621131029e-001 -7.2933919988906826e-001 1.9069995527361804e+001 0.0000000000000000e+000 0.0000000000000000e+000 0.0000000000000000e+000 1.0000000000000000e+000</transform>
        <orientation>1</orientation>
      </camera>
      <camera id="34" label="IMG_8873.JPG" sensor_id="1" enabled="true">
        <transform>5.6673385706961676e-001 3.6482313389526355e-001 -7.3872648268884589e-001 8.1354720490679870e+000 9.9307873810011854e-002 -9.2033137291240275e-001 -3.7832275933719178e-001 4.9569747609007955e+000 -8.1789405270507365e-001 1.4104696029340930e-001 -5.5781275849666589e-001 1.7083634064814436e+001 0.0000000000000000e+000 0.0000000000000000e+000 0.0000000000000000e+000 1.0000000000000000e+000</transform>
        <orientation>1</orientation>
      </camera>
      <camera id="35" label="IMG_8874.JPG" sensor_id="1" enabled="true">
        <transform>4.0712978266991595e-001 4.0388159783066135e-001 -8.1922218902865329e-001 9.0206753592448425e+000 1.1206529823958220e-001 -9.1223400023911283e-001 -3.9404377642366045e-001 5.0712746384955780e+000 -9.0646936461946703e-001 6.8620578119818476e-002 -4.1665874197583030e-001 1.5713393270084188e+001 0.0000000000000000e+000 0.0000000000000000e+000 0.0000000000000000e+000 1.0000000000000000e+000</transform>
        <orientation>1</orientation>
      </camera>
      <camera id="36" label="IMG_8875.JPG" sensor_id="1" enabled="true">
        <transform>2.3115218579690255e-001 4.2573118909310603e-001 -8.7482662375734999e-001 9.6613640770990425e+000 1.1873220846793830e-001 -9.0480146706965781e-001 -4.0894616743640111e-001 5.2399528928011794e+000 -9.6564555074501335e-001 -9.3412965890701805e-003 -2.5969484112010144e-001 1.3915951630345653e+001 0.0000000000000000e+000 0.0000000000000000e+000 0.0000000000000000e+000 1.0000000000000000e+000</transform>
        <orientation>1</orientation>
      </camera>
      <camera id="37" label="IMG_8876.JPG" sensor_id="1" enabled="true">
        <transform>-1.4470579143386453e-002 4.3255595530511354e-001 -9.0149095828484915e-001 9.9665397212808848e+000 1.2290890590986087e-001 -8.9397857261422575e-001 -4.3092425384825156e-001 5.4897961064723901e+000 -9.9231245239959365e-001 -1.1703699089053871e-001 -4.0228591523840285e-002 1.1404368415114707e+001 0.0000000000000000e+000 0.0000000000000000e+000 0.0000000000000000e+000 1.0000000000000000e+000</transform>
        <orientation>1</orientation>
      </camera>
      <camera id="38" label="IMG_8877.JPG" sensor_id="1" enabled="true">
        <transform>-2.4645768344912788e-001 4.1312764170834898e-001 -8.7668931892968061e-001 9.6893858075150554e+000 1.2121108311868162e-001 -8.8435032011766712e-001 -4.5081302625032443e-001 5.7227434631781327e+000 -9.6154380222540314e-001 -2.1737079602439163e-001 1.6787928233595895e-001 9.0125611929440304e+000 0.0000000000000000e+000 0.0000000000000000e+000 0.0000000000000000e+000 1.0000000000000000e+000</transform>
        <orientation>1</orientation>
      </camera>
      <camera id="39" label="IMG_8878.JPG" sensor_id="1" enabled="true">
        <transform>-4.4002411536576991e-001 3.7902547513683871e-001 -8.1407522201198668e-001 9.0639275985856589e+000 1.1428225682375562e-001 -8.7554871516699984e-001 -4.6941880356956839e-001 5.8959921338446293e+000 -8.9068419974300705e-001 -2.9958994737258721e-001 3.4194666215866154e-001 7.1705225905183863e+000 0.0000000000000000e+000 0.0000000000000000e+000 0.0000000000000000e+000 1.0000000000000000e+000</transform>
        <orientation>1</orientation>
      </camera>
      <camera id="40" label="IMG_8879.JPG" sensor_id="1" enabled="true">
        <transform>-6.4729476440495382e-001 3.1488832170371306e-001 -6.9415764263498125e-001 7.7546360852871619e+000 1.0182425442590401e-001 -8.6679802974746345e-001 -4.8815263682225901e-001 6.0974714038068925e+000 -7.5540804151434882e-001 -3.8666073046087118e-001 5.2901055786715778e-001 5.0705054797135887e+000 0.0000000000000000e+000 0.0000000000000000e+000 0.0000000000000000e+000 1.0000000000000000e+000</transform>
        <orientation>1</orientation>
      </camera>
      <camera id="41" label="IMG_8880.JPG" sensor_id="1" enabled="true">
        <transform>-7.8857712117050227e-001 2.4820580552318788e-001 -5.6261887816800848e-001 6.2891625684992984e+000 8.7705490358398794e-002 -8.6017276141786547e-001 -5.0240478448732617e-001 6.2589526791951826e+000 -6.0864921829197793e-001 -4.4552968320791964e-001 6.5654354802496884e-001 3.5626454022395073e+000 0.0000000000000000e+000 0.0000000000000000e+000 0.0000000000000000e+000 1.0000000000000000e+000</transform>
        <orientation>1</orientation>
      </camera>
      <camera id="42" label="IMG_8881.JPG" sensor_id="1" enabled="true">
        <transform>-9.3360562965231442e-001 1.3300785865456388e-001 -3.3270022214845762e-001 3.6933016100748279e+000 6.1957894084638795e-002 -8.5462916242515263e-001 -5.1552906231664453e-001 6.4135691898446252e+000 -3.5290472884633073e-001 -5.0191423995400808e-001 7.8964571048622101e-001 1.9731442070042533e+000 0.0000000000000000e+000 0.0000000000000000e+000 0.0000000000000000e+000 1.0000000000000000e+000</transform>
        <orientation>1</orientation>
      </camera>
      <camera id="43" label="IMG_8882.JPG" sensor_id="1" enabled="true">
        <transform>-9.9141654102768928e-001 2.6711205488547142e-002 -1.2798341172996069e-001 8.4443980229670501e-001 4.3959721488085642e-002 -8.5380812678214058e-001 -5.1872846994112620e-001 6.5151750772600723e+000 -1.2312913978170226e-001 -5.1990210053636121e-001 8.4530528260179261e-001 1.1992098799875777e+000 0.0000000000000000e+000 0.0000000000000000e+000 0.0000000000000000e+000 1.0000000000000000e+000</transform>
        <orientation>1</orientation>
      </camera>
      <camera id="44" label="IMG_8883.JPG" sensor_id="1" enabled="true">
        <transform>-9.9862580093608289e-001 -4.7060713580894920e-002 2.3060766293075040e-002 -8.9180213108133799e-001 2.7902995368023972e-002 -8.4992887946159601e-001 -5.2615807767879785e-001 6.5930552325856686e+000 4.4361385846915173e-002 -5.2479156728592058e-001 8.5007404286410782e-001 1.2127836779956880e+000 0.0000000000000000e+000 0.0000000000000000e+000 0.0000000000000000e+000 1.0000000000000000e+000</transform>
        <orientation>1</orientation>
      </camera>
      <camera id="45" label="IMG_8884.JPG" sensor_id="1" enabled="true">
        <transform>-9.5586190646126568e-001 -1.5363847315458998e-001 2.5044607272417124e-001 -3.5144165456658278e+000 2.7522553140064965e-003 -8.5703461052078989e-001 -5.1525149340896104e-001 6.4670074586291699e+000 2.9380340513159658e-001 -4.9181998326237658e-001 8.1962958901986616e-001 1.6251303518890552e+000 0.0000000000000000e+000 0.0000000000000000e+000 0.0000000000000000e+000 1.0000000000000000e+000</transform>
        <orientation>1</orientation>
      </camera>
      <camera id="46" label="IMG_8885.JPG" sensor_id="1" enabled="true">
        <transform>-8.8406655287214397e-001 -2.2631112564148742e-001 4.0891271012729313e-001 -5.3177785319398811e+000 -1.5103344552975947e-002 -8.6064834095416543e-001 -5.0897575796510841e-001 6.3907069312184968e+000 4.6711692227543933e-001 -4.5614439339284374e-001 7.5745235711574443e-001 2.3807814855188454e+000 0.0000000000000000e+000 0.0000000000000000e+000 0.0000000000000000e+000 1.0000000000000000e+000</transform>
        <orientation>1</orientation>
      </camera>
      <camera id="47" label="IMG_8886.JPG" sensor_id="1" enabled="true">
        <transform>-8.0752957588904040e-001 -2.7726098341366645e-001 5.2059805141870541e-001 -6.5836125047633747e+000 -2.7070152282435866e-002 -8.6427659099671228e-001 -5.0228794641172447e-001 6.3117368195479644e+000 5.8920555913863559e-001 -4.1970504086988070e-001 6.9042341193541557e-001 3.1759629978992194e+000 0.0000000000000000e+000 0.0000000000000000e+000 0.0000000000000000e+000 1.0000000000000000e+000</transform>
        <orientation>1</orientation>
      </camera>
      <camera id="48" label="IMG_8887.JPG" sensor_id="1" enabled="true">
        <transform>-6.7978633044715564e-001 -3.3592105594916455e-001 6.5195673867764325e-001 -8.0533677408028375e+000 -4.1268540050175523e-002 -8.7001027598375091e-001 -4.9130339637010922e-001 6.1818557534170351e+000 7.3224821784646066e-001 -3.6088663573576107e-001 5.7755812141117546e-001 4.5117754481153760e+000 0.0000000000000000e+000 0.0000000000000000e+000 0.0000000000000000e+000 1.0000000000000000e+000</transform>
        <orientation>1</orientation>
      </camera>
      <camera id="49" label="IMG_8888.JPG" sensor_id="1" enabled="true">
        <transform>-5.1023801012092884e-001 -3.8602631687709099e-001 7.6853162310092527e-001 -9.3701784824272671e+000 -5.4435948581464055e-002 -8.7731917313236929e-001 -4.7681002082210050e-001 6.0243544989740583e+000 8.5830874429302606e-001 -2.8512234414833831e-001 4.2662788040338573e-001 6.2694654713043043e+000 0.0000000000000000e+000 0.0000000000000000e+000 0.0000000000000000e+000 1.0000000000000000e+000</transform>
        <orientation>1</orientation>
      </camera>
    </cameras>
    <transform>
      <scale>4.3606757369099497e-002</scale>
    </transform>
    <region>
      <center>-3.3203354977282540e-001 2.8862301252463185e-001 1.1185643289437291e+001</center>
      <size>3.7301447391510010e+000 1.8047556877136230e+000 1.6775481700897217e+000</size>
      <R>-4.1728374348003539e-001 -2.2864365127700551e-001 8.7954326679135408e-001 9.0336930191838216e-001 1.0563957353996076e-003 4.2886220208773940e-001 -9.8985765536175579e-002 9.7350961205258235e-001 2.0610883887511458e-001</R>
    </region>
    <settings>
      <property name="accuracy_tiepoints" value="4.0000000000000000e+000"/>
      <property name="accuracy_cameras" value="1.0000000000000000e+001"/>
      <property name="accuracy_markers" value="5.0000000000000001e-003"/>
      <property name="accuracy_scalebars" value="1.0000000000000000e-003"/>
      <property name="accuracy_projections" value="1.0000000000000001e-001"/>
    </settings>
  </chunk>
</document>
