# Bundle file v0.3
50 12354
1.2150562330e+004 5.2280291833e-002 1.4826426327e+000
1.0000000000e+000 0.0000000000e+000 0.0000000000e+000
0.0000000000e+000 -1.0000000000e+000 0.0000000000e+000
0.0000000000e+000 0.0000000000e+000 -1.0000000000e+000
-0.0000000000e+000 0.0000000000e+000 0.0000000000e+000
1.2150562330e+004 5.2280291833e-002 1.4826426327e+000
9.7401361999e-001 -1.0251854244e-001 2.0195894766e-001
-1.0175464867e-001 -9.9470832826e-001 -1.4189191884e-002
2.0234490247e-001 -6.7297956131e-003 -9.7929119791e-001
-1.0115167335e-001 4.5437163620e-003 -5.1458168356e-003
1.2150562330e+004 5.2280291833e-002 1.4826426327e+000
8.4862872466e-001 -2.4270908287e-001 4.7002296623e-001
-2.4276808762e-001 -9.6812662614e-001 -6.1599443066e-002
4.6999249284e-001 -6.1831519839e-002 -8.8050208395e-001
-2.2654615514e-001 2.9968183391e-002 -4.4176414731e-002
1.2150562330e+004 5.2280291833e-002 1.4826426327e+000
6.5535997607e-001 -3.4842401310e-001 6.7015222813e-001
-3.4104240937e-001 -9.2815628149e-001 -1.4905030073e-001
6.7393870402e-001 -1.3086872900e-001 -7.2710384333e-001
-3.3017070209e-001 7.0967289407e-002 -1.1391772678e-001
1.2150562330e+004 5.2280291833e-002 1.4826426327e+000
4.1493470568e-001 -4.2322215475e-001 8.0542671781e-001
-4.0626412832e-001 -8.7826278406e-001 -2.5219821605e-001
8.1411218396e-001 -2.2257019088e-001 -5.3636168959e-001
-3.9318403245e-001 1.2141649356e-001 -2.0784795076e-001
1.2150562330e+004 5.2280291833e-002 1.4826426327e+000
1.3907362990e-001 -4.6621972126e-001 8.7366910039e-001
-4.3607785355e-001 -8.2092993419e-001 -3.6865993651e-001
8.8909764993e-001 -3.2971687045e-001 -3.1747780117e-001
-4.3387100612e-001 1.7834410696e-001 -3.1444945783e-001
1.2150562330e+004 5.2280291833e-002 1.4826426327e+000
-1.0672350321e-001 -4.7336063788e-001 8.7437966603e-001
-4.3117538096e-001 -7.7037866462e-001 -4.6968553731e-001
8.9593408503e-001 -4.2713747155e-001 -1.2188394348e-001
-4.4007789835e-001 2.2876809336e-001 -4.1147803843e-001
1.2150562330e+004 5.2280291833e-002 1.4826426327e+000
-3.8215033779e-001 -4.4769115660e-001 8.0841434155e-001
-3.9151417778e-001 -7.1398215169e-001 -5.8047061568e-001
8.3706497234e-001 -5.3833271810e-001 9.7571085367e-002
-4.1416048821e-001 2.8475253708e-001 -5.2201207521e-001
1.2150562330e+004 5.2280291833e-002 1.4826426327e+000
-5.8053704102e-001 -4.0280280875e-001 7.0762040762e-001
-3.3509872019e-001 -6.7385799555e-001 -6.5850151827e-001
7.4208193061e-001 -6.1940721589e-001 2.5622082110e-001
-3.6892953864e-001 3.2501999083e-001 -6.0302543855e-001
1.2150562330e+004 5.2280291833e-002 1.4826426327e+000
-7.5057903807e-001 -3.3708528371e-001 5.6833495328e-001
-2.5982121084e-001 -6.4026141800e-001 -7.2288190946e-001
6.0755579662e-001 -6.9024548396e-001 3.9298489267e-001
-3.0371196718e-001 3.5888495737e-001 -6.7433304354e-001
1.2150562330e+004 5.2280291833e-002 1.4826426327e+000
-8.8530713696e-001 -2.5161873943e-001 3.9104895246e-001
-1.6464265897e-001 -6.1686333626e-001 -7.6965733884e-001
4.3488397085e-001 -7.4576647441e-001 5.0468633581e-001
-2.0794549740e-001 3.7785841673e-001 -7.2808124215e-001
1.2150562330e+004 5.2280291833e-002 1.4826426327e+000
-9.7141765684e-001 -1.5025562702e-001 1.8376882905e-001
-5.7916293194e-002 -6.0074506933e-001 -7.9733999314e-001
2.3020303857e-001 -7.8519335722e-001 5.7487211866e-001
-1.0690741761e-001 3.9439208431e-001 -7.6784764309e-001
1.2150562330e+004 5.2280291833e-002 1.4826426327e+000
-9.9846222022e-001 -3.8874155350e-002 -3.9522080376e-002
5.4922897468e-002 -5.9686339350e-001 -8.0046084528e-001
7.5279562396e-003 -8.0140057995e-001 5.9808063029e-001
3.3716703711e-003 3.9874188155e-001 -7.8465428769e-001
1.2150562330e+004 5.2280291833e-002 1.4826426327e+000
-9.7405918423e-001 5.2006551498e-002 -2.2023629179e-001
1.4518575398e-001 -6.0290019122e-001 -7.8449503266e-001
-1.7357938375e-001 -7.9611976362e-001 5.7970985804e-001
9.3724592234e-002 3.9303280623e-001 -7.8015163649e-001
1.2150562330e+004 5.2280291833e-002 1.4826426327e+000
-9.0241506242e-001 1.5458454324e-001 -4.0218238911e-001
2.2063637607e-001 -6.3596513091e-001 -7.3950520068e-001
-3.7009004941e-001 -7.5607669668e-001 5.3979753989e-001
1.8395073741e-001 3.5748525741e-001 -7.6633253472e-001
1.2150562330e+004 5.2280291833e-002 1.4826426327e+000
-7.3902376475e-001 2.6743348761e-001 -6.1832289691e-001
3.2143054811e-001 -6.6664387382e-001 -6.7250899492e-001
-5.9205259723e-001 -6.9574799691e-001 4.0670437287e-001
2.9521226266e-001 3.2669148009e-001 -7.0571954885e-001
1.2150562330e+004 5.2280291833e-002 1.4826426327e+000
-5.4673886838e-001 3.4563973999e-001 -7.6263345058e-001
3.8745270479e-001 -7.0300049448e-001 -5.9638134303e-001
-7.4226478521e-001 -6.2154925380e-001 2.5043864268e-001
3.7168585990e-001 2.9044015002e-001 -6.3170284542e-001
1.2150562330e+004 5.2280291833e-002 1.4826426327e+000
-3.4297228294e-001 3.9651354267e-001 -8.5155564916e-001
4.2706919148e-001 -7.4161051934e-001 -5.1732556799e-001
-8.3664922090e-001 -5.4110151366e-001 8.5013134791e-002
4.0715921538e-001 2.5554078448e-001 -5.5830551455e-001
1.2150562330e+004 5.2280291833e-002 1.4826426327e+000
-8.3911732348e-002 4.2884278948e-001 -8.9947355886e-001
4.4733375753e-001 -7.9037896200e-001 -4.1856135250e-001
-8.9042199577e-001 -4.3748709507e-001 -1.2551378849e-001
4.3736529407e-001 2.0700116359e-001 -4.5538162858e-001
1.2150562330e+004 5.2280291833e-002 1.4826426327e+000
1.0661294505e-001 4.3227184813e-001 -8.9541874520e-001
4.4420431810e-001 -8.2639284720e-001 -3.4605980101e-001
-8.8955955603e-001 -3.6085441858e-001 -2.8012119674e-001
4.4000084809e-001 1.7076729776e-001 -3.7858020241e-001
1.2150562330e+004 5.2280291833e-002 1.4826426327e+000
3.1087847366e-001 4.1718993889e-001 -8.5399480649e-001
4.2349515071e-001 -8.6519438790e-001 -2.6849679415e-001
-8.5088567501e-001 -2.7819278573e-001 -4.4564822677e-001
4.2492564684e-001 1.3187239121e-001 -2.9507199184e-001
1.2150562330e+004 5.2280291833e-002 1.4826426327e+000
5.1810167287e-001 3.7926867023e-001 -7.6663285369e-001
3.8038499463e-001 -9.0496702278e-001 -1.9063563031e-001
-7.6607957317e-001 -1.9284699496e-001 -6.1313303948e-001
3.8640593814e-001 9.2162818812e-002 -2.0983755409e-001
1.2164268206e+004 8.9431690469e-002 9.3531510321e-002
-3.8786941034e-001 -6.9325428979e-002 9.1910353357e-001
4.0756079321e-001 8.8148761753e-001 2.3848224249e-001
-8.2671126783e-001 4.6709053196e-001 -3.1364775561e-001
-4.5217886473e-001 -1.3150722081e-001 -3.7164669504e-001
1.2164268206e+004 8.9431690469e-002 9.3531510321e-002
-1.4806727674e-001 -7.7137882936e-002 9.8596441547e-001
4.3136502639e-001 8.9208420466e-001 1.3457334728e-001
-8.8994398451e-001 4.4523647515e-001 -9.8813893898e-002
-4.8024340683e-001 -8.1867434510e-002 -4.7467418351e-001
1.2164268206e+004 8.9431690469e-002 9.3531510321e-002
1.0773598998e-001 -7.9521482162e-002 9.9099409198e-001
4.3069080390e-001 9.0213728164e-001 2.5568662643e-002
-8.9604597421e-001 4.2405737695e-001 1.3144182421e-001
-4.7838435745e-001 -3.0171096850e-002 -5.8389236786e-001
1.2164268206e+004 8.9431690469e-002 9.3531510321e-002
3.5286586441e-001 -7.4765473907e-002 9.3268204960e-001
4.0101080984e-001 9.1269919082e-001 -7.8552641330e-002
-8.4538512651e-001 4.0173412972e-001 3.5204215216e-001
-4.4667769307e-001 1.8593198342e-002 -6.8720156812e-001
1.2164268206e+004 8.9431690469e-002 9.3531510321e-002
6.0403665147e-001 -6.1997605949e-002 7.9454139008e-001
3.3764000083e-001 9.2298319269e-001 -1.8466525351e-001
-7.2189954532e-001 3.7981353698e-001 5.7844854880e-001
-3.7721995192e-001 6.7927274063e-002 -7.9300480672e-001
1.2164268206e+004 8.9431690469e-002 9.3531510321e-002
7.3269998176e-001 -5.1581897128e-002 6.7859416783e-001
2.8503266733e-001 9.2871376793e-001 -2.3716474404e-001
-6.1798633907e-001 3.6719210932e-001 6.9517108655e-001
-3.1986144994e-001 9.1917551243e-002 -8.4638114970e-001
1.2164268206e+004 8.9431690469e-002 9.3531510321e-002
8.8079163124e-001 -3.1380548358e-002 4.7246308165e-001
1.9266301390e-001 9.3522104848e-001 -2.9705648209e-001
-4.3253562329e-001 3.5267102470e-001 8.2978074389e-001
-2.1966931196e-001 1.1888652284e-001 -9.0702818824e-001
1.2164268206e+004 8.9431690469e-002 9.3531510321e-002
9.7501588579e-001 -6.8902167585e-003 2.2202825804e-001
8.2647041385e-002 9.3901525614e-001 -3.3379606841e-001
-2.0618799433e-001 3.4380644795e-001 9.1612424777e-001
-9.9628055259e-002 1.3443494439e-001 -9.4431188416e-001
1.2164268206e+004 8.9431690469e-002 9.3531510321e-002
9.9890245462e-001 2.0162481392e-002 -4.2277186441e-002
-3.3364501845e-002 9.3978926786e-001 -3.4012195169e-001
3.2873943570e-002 3.4115920968e-001 9.3943051765e-001
2.6072958471e-002 1.3550475951e-001 -9.5189727546e-001
1.2164268206e+004 8.9431690469e-002 9.3531510321e-002
9.6365498887e-001 4.2484484638e-002 -2.6375012984e-001
-1.2962347134e-001 9.3762834717e-001 -3.2256912167e-001
2.3359541541e-001 3.4503355075e-001 9.0905722084e-001
1.3059509229e-001 1.2546853381e-001 -9.3383068788e-001
1.2164268206e+004 8.9431690469e-002 9.3531510321e-002
8.8749890294e-001 6.2640600323e-002 -4.5653242214e-001
-2.1310695226e-001 9.3420185176e-001 -2.8609845696e-001
4.0857205506e-001 3.5120229977e-001 8.4245226598e-001
2.2071879093e-001 1.0685061426e-001 -8.9971247642e-001
1.2164268206e+004 8.9431690469e-002 9.3531510321e-002
7.5964089000e-001 8.2006125107e-002 -6.4515169820e-001
-2.9360131783e-001 9.2841512717e-001 -2.2769193621e-001
5.8029646252e-001 3.6238149386e-001 7.2933919989e-001
3.0817105003e-001 7.7930528355e-002 -8.4325570178e-001
1.2164268206e+004 8.9431690469e-002 9.3531510321e-002
5.6673385707e-001 9.9307873810e-002 -8.1789405271e-001
-3.6482313390e-001 9.2033137291e-001 -1.4104696029e-001
7.3872648269e-001 3.7832275934e-001 5.5781275850e-001
3.8677835971e-001 3.5563215250e-002 -7.5939833871e-001
1.2164268206e+004 8.9431690469e-002 9.3531510321e-002
4.0712978267e-001 1.1206529824e-001 -9.0646936462e-001
-4.0388159783e-001 9.1223400024e-001 -6.8620578120e-002
8.1922218903e-001 3.9404377642e-001 4.1665874198e-001
4.3619011348e-001 4.1582426266e-003 -6.9488956445e-001
1.2164268206e+004 8.9431690469e-002 9.3531510321e-002
2.3115218580e-001 1.1873220847e-001 -9.6564555075e-001
-4.2573118909e-001 9.0480146707e-001 9.3412965891e-003
8.7482662376e-001 4.0894616744e-001 2.5969484112e-001
4.6146764526e-001 -3.3052442922e-002 -6.1959873551e-001
1.2164268206e+004 8.9431690469e-002 9.3531510321e-002
-1.4470579143e-002 1.2290890591e-001 -9.9231245240e-001
-4.3255595531e-001 8.9397857261e-001 1.1703699089e-001
9.0149095828e-001 4.3092425385e-001 4.0228591524e-002
4.7035005332e-001 -8.4222393783e-002 -5.1496150405e-001
1.2164268206e+004 8.9431690469e-002 9.3531510321e-002
-2.4645768345e-001 1.2121108312e-001 -9.6154380223e-001
-4.1312764171e-001 8.8435032012e-001 2.1737079602e-001
8.7668931893e-001 4.5081302625e-001 -1.6787928234e-001
4.5178065838e-001 -1.3156265561e-001 -4.1694365750e-001
1.2164268206e+004 8.9431690469e-002 9.3531510321e-002
-4.4002411537e-001 1.1428225682e-001 -8.9068419974e-001
-3.7902547514e-001 8.7554871517e-001 2.9958994737e-001
8.1407522201e-001 4.6941880357e-001 -3.4194666216e-001
4.2303833731e-001 -1.6897554633e-001 -3.3553098142e-001
1.2164268206e+004 8.9431690469e-002 9.3531510321e-002
-6.4729476440e-001 1.0182425443e-001 -7.5540804151e-001
-3.1488832170e-001 8.6679802975e-001 3.8666073046e-001
6.9415764263e-001 4.8815263682e-001 -5.2901055787e-001
3.5883850075e-001 -2.0948674072e-001 -2.4755929937e-001
1.2164268206e+004 8.9431690469e-002 9.3531510321e-002
-7.8857712117e-001 8.7705490358e-002 -6.0864921829e-001
-2.4820580552e-001 8.6017276142e-001 4.4552968321e-001
5.6261887817e-001 5.0240478449e-001 -6.5654354802e-001
2.8688652543e-001 -2.3591422427e-001 -1.8942328467e-001
1.2164268206e+004 8.9431690469e-002 9.3531510321e-002
-9.3360562965e-001 6.1957894085e-002 -3.5290472885e-001
-1.3300785865e-001 8.5462916243e-001 5.0191423995e-001
3.3270022215e-001 5.1552906232e-001 -7.8964571049e-001
1.6339660670e-001 -2.6078298686e-001 -1.2981987717e-001
1.2164268206e+004 8.9431690469e-002 9.3531510321e-002
-9.9141654103e-001 4.3959721488e-002 -1.2312913978e-001
-2.6711205489e-002 8.5380812678e-001 5.1990210054e-001
1.2798341173e-001 5.1872846994e-001 -8.4530528260e-001
3.0456877477e-002 -2.6877570682e-001 -1.0788236070e-001
1.2164268206e+004 8.9431690469e-002 9.3531510321e-002
-9.9862580094e-001 2.7902995368e-002 4.4361385847e-002
4.7060713581e-002 8.4992887946e-001 5.2479156729e-001
-2.3060766293e-002 5.2615807768e-001 -8.5007404286e-001
-4.9203395640e-002 -2.7027982117e-001 -1.0721152934e-001
1.2164268206e+004 8.9431690469e-002 9.3531510321e-002
-9.5586190646e-001 2.7522553140e-003 2.9380340513e-001
1.5363847315e-001 8.5703461052e-001 4.9181998326e-001
-2.5044607272e-001 5.1525149341e-001 -8.1962958902e-001
-1.6808506268e-001 -2.5299642942e-001 -1.2560063702e-001
1.2164268206e+004 8.9431690469e-002 9.3531510321e-002
-8.8406655287e-001 -1.5103344553e-002 4.6711692228e-001
2.2631112564e-001 8.6064834095e-001 4.5614439339e-001
-4.0891271013e-001 5.0897575797e-001 -7.5745235712e-001
-2.4929339583e-001 -2.3472030497e-001 -1.5802624841e-001
1.2164268206e+004 8.9431690469e-002 9.3531510321e-002
-8.0752957589e-001 -2.7070152282e-002 5.8920555914e-001
2.7726098341e-001 8.6427659100e-001 4.1970504087e-001
-5.2059805142e-001 5.0228794641e-001 -6.9042341194e-001
-3.0598413329e-001 -2.1640617265e-001 -1.9208628173e-001
1.2164268206e+004 8.9431690469e-002 9.3531510321e-002
-6.7978633045e-001 -4.1268540050e-002 7.3224821785e-001
3.3592105595e-001 8.7001027598e-001 3.6088663574e-001
-6.5195673868e-001 4.9130339637e-001 -5.7755812141e-001
-3.7166879493e-001 -1.8756233095e-001 -2.4776494131e-001
1.2164268206e+004 8.9431690469e-002 9.3531510321e-002
-5.1023801012e-001 -5.4435948581e-002 8.5830874429e-001
3.8602631688e-001 8.7731917313e-001 2.8512234415e-001
-7.6853162310e-001 4.7681002082e-001 -4.2662788040e-001
-4.2883830625e-001 -1.5069234725e-001 -3.2264737049e-001
-7.5605799835e-003 3.8789207117e-002 4.4852456195e-001
115 77 36
2 0 0 -182.3035 -862.5134 1 0 -574.4401 -890.8308
6.4386730319e-003 -3.9813603621e-004 4.4503847830e-001
126 93 56
6 0 1 198.0723 200.3540 1 1 -114.7031 133.2311 2 0 -308.4719 227.6111 4 0 -856.0627 378.8976 5 0 -1166.0692 507.5829 6 0 -1338.3901 646.0479
9.3495782999e-003 -4.5863296867e-005 4.4604770299e-001
145 119 65
3 0 2 277.2952 190.4116 1 2 -31.4727 114.7086 2 1 -228.7764 196.4475
1.1118541601e-002 7.8676237644e-004 4.4652179074e-001
148 134 82
4 0 3 325.1875 167.3495 1 3 16.4065 86.5385 2 2 -186.0857 161.4402 4 1 -788.5598 288.7463
3.6629639958e-003 1.6198485386e-003 4.4303005130e-001
129 102 63
3 0 4 123.2781 144.3363 1 4 -207.1672 85.8326 2 3 -415.2905 195.4014
1.2954524378e-002 1.6548339531e-003 4.4724851735e-001
128 113 61
2 0 5 374.5642 143.8856 1 5 67.3545 57.7646
1.1252064620e-002 2.0885537398e-003 4.4648165963e-001
140 116 63
2 0 6 328.8494 131.7244 1 6 16.1255 51.0936
4.3469963138e-004 3.3471390974e-003 4.4177018391e-001
163 126 65
3 0 7 34.5122 96.9244 1 7 -306.3550 47.5825 2 4 -520.2153 172.4602
-3.6273417858e-003 3.4326594327e-003 4.4042198648e-001
141 123 77
2 0 8 -77.4399 93.7170 1 8 -424.5630 57.6187
8.1942818213e-003 3.9254553222e-003 4.4481382725e-001
45 36 24
3 0 9 246.4370 81.8171 1 9 -80.8564 9.0020 2 5 -299.9194 98.4746
-1.0756811220e-003 4.0190493146e-003 4.4099754564e-001
86 64 38
4 0 10 -7.2354 78.4625 1 10 -353.9783 33.3008 2 6 -570.4021 165.3291 4 2 -1071.3075 383.0869
1.1390127081e-002 4.0688463974e-003 4.4634704366e-001
46 35 24
3 0 11 332.5652 78.3533 1 11 13.6238 -4.2251 2 7 -204.5422 70.0542
4.6706230129e-003 4.2650492622e-003 4.4327574520e-001
69 57 41
5 0 12 150.6726 71.6809 1 12 -185.3704 9.5292 2 8 -406.5154 116.0261 4 3 -966.4652 299.0614 5 1 -1265.4807 441.3660
1.2770463189e-002 4.6048693296e-003 4.4711423408e-001
44 31 20
3 0 13 369.6147 63.9355 1 13 53.3718 -22.7576 2 9 -165.0547 44.6252
1.3485620917e-002 4.7438827607e-003 4.4764492125e-001
105 86 49
3 0 14 388.6362 61.3959 1 14 74.8149 -28.3400 2 10 -141.9148 33.7830
-1.3576552715e-002 5.2146513742e-003 4.3960056708e-001
158 112 57
2 0 15 -352.6880 45.0000 1 15 -701.6985 36.5018
-1.3986752980e-002 6.0123170053e-003 4.3928034991e-001
161 117 58
2 0 17 -364.3164 22.9226 1 17 -717.2267 15.6060
1.5885853887e-002 6.1901336998e-003 4.4934564866e-001
111 93 53
3 0 18 452.0337 21.4091 1 18 144.8130 -74.4353 2 12 -72.0291 -23.5952
-6.9690612986e-003 6.4436218426e-003 4.3947709633e-001
104 79 48
3 0 19 -169.9741 10.9188 1 19 -529.4397 -16.7164 2 13 -744.8369 143.0767
-1.3621535169e-002 6.5926898196e-003 4.3906738471e-001
155 107 54
2 0 20 -354.3477 5.9812 1 20 -710.6324 -0.6757
-8.3906292647e-003 7.0316459497e-003 4.3893181225e-001
113 93 64
4 0 21 -210.0376 -5.5588 1 21 -572.2898 -28.7107 3 1 -1193.8489 240.7545 4 4 -1218.5500 403.3490
1.6708709328e-002 8.1455351262e-003 4.5013878915e-001
107 94 50
3 0 22 473.6367 -30.5032 1 22 165.2229 -130.6534 2 14 -55.0759 -83.4524
-6.0777386453e-003 8.3785866821e-003 4.4075056256e-001
53 25 10
3 0 23 -144.5842 -42.2870 1 23 -502.7119 -72.6564 2 15 -718.4696 83.0826
4.6226556613e-004 8.8700466007e-003 4.4640002504e-001
37 16 9
3 0 24 35.3010 -52.0483 1 24 -292.4517 -103.8309 2 16 -490.7822 15.6788
1.6197909671e-002 9.7408741860e-003 4.5037687269e-001
83 68 46
3 0 26 459.5620 -74.0132 1 26 148.4829 -172.1261 2 18 -74.8938 -123.2225
1.2116138112e-003 1.0347213961e-002 4.4828597937e-001
43 17 5
3 0 27 55.5132 -91.1252 1 27 -264.8896 -145.8619 2 19 -456.9468 -31.4397
1.1094786529e-002 1.0809934259e-002 4.5263536018e-001
54 29 13
3 0 28 320.1799 -101.5627 1 28 22.0598 -185.8385 2 20 -171.8376 -117.4449
-1.2710852633e-002 1.1254158248e-002 4.3857608009e-001
142 98 49
2 0 30 -329.5615 -123.0906 1 30 -703.1132 -132.4991
-9.5668776146e-003 1.1386971695e-002 4.3998266517e-001
92 51 21
3 0 31 -241.5339 -126.2997 1 31 -609.3066 -145.7687 2 22 -829.5193 27.9208
1.1678557752e-002 1.2375957984e-002 4.5373129302e-001
67 36 16
2 0 32 335.3542 -142.2704 1 32 38.6143 -229.3469
-1.3083634015e-002 1.2133702783e-002 4.3875822959e-001
108 99 69
2 0 33 -339.7578 -147.0839 1 33 -714.2720 -155.8715
1.7817385879e-002 1.3456586942e-002 4.5227180973e-001
119 87 47
2 0 35 501.3074 -172.0708 1 35 191.0576 -278.0765
-1.2540158951e-002 1.3304520178e-002 4.3892320381e-001
142 96 49
2 0 36 -324.5635 -179.5872 1 36 -701.8706 -189.5588
1.3617436285e-002 1.4090532451e-002 4.5493792951e-001
84 49 24
3 0 37 386.1177 -187.0326 1 37 91.9285 -280.4252 2 24 -104.2485 -226.4370
-5.6813295513e-003 1.3962585941e-002 4.4283659023e-001
79 45 18
3 0 38 -133.2505 -193.3628 1 38 -493.5938 -226.3625 2 25 -716.4862 -74.2969
7.5931137353e-003 1.4416175371e-002 4.5450858899e-001
51 28 16
3 0 39 225.8726 -196.5430 1 39 -70.9800 -272.0051 2 26 -251.5156 -190.9818
-7.4438319769e-003 1.4700412289e-002 4.4243939619e-001
65 34 16
3 0 40 -181.8933 -214.4087 1 40 -545.0912 -241.6708 2 27 -767.3120 -80.7217
1.2510267250e-002 1.5038089345e-002 4.5545339597e-001
77 45 23
2 0 41 356.3843 -212.2773 1 41 62.5349 -302.3662
1.8998407596e-002 1.6073425249e-002 4.5363788942e-001
134 87 40
3 0 42 531.4797 -241.3193 1 42 222.3733 -352.1589 2 28 -8.1965 -316.5116
1.8757246644e-003 1.6315668753e-002 4.5222714567e-001
40 16 4
2 0 43 72.9932 -249.2997 1 43 -239.7512 -307.5107
-9.7530064397e-003 1.6530626219e-002 4.4207784190e-001
70 37 16
3 0 44 -245.6196 -265.2367 1 44 -614.0765 -285.3385 2 29 -837.0745 -112.8110
1.8695824470e-002 1.7135832758e-002 4.5379329871e-001
123 75 29
2 0 45 523.2776 -269.8878 1 45 211.9963 -378.9937
2.1886273863e-002 1.7399484287e-002 4.6136984471e-001
105 52 6
2 0 46 599.0901 -268.9559 1 46 332.9353 -389.4993
1.2575832494e-002 1.7672347258e-002 4.5560252568e-001
94 54 25
3 0 47 357.8916 -282.5963 1 47 58.0444 -373.5588 2 30 -143.5376 -314.2904
-1.3974009272e-002 1.7958317819e-002 4.3990439910e-001
122 87 50
2 0 48 -363.4441 -306.9448 1 48 -746.2321 -313.4301
8.4376228228e-003 1.9454402554e-002 4.5518790683e-001
68 33 12
3 0 49 247.9045 -330.6047 1 49 -58.5232 -409.2578 2 31 -256.5322 -331.6221
1.4124064282e-002 1.9796357836e-002 4.5581345314e-001
61 32 13
3 0 50 399.1555 -338.6387 1 50 93.8398 -435.2756 2 32 -118.8311 -382.6353
-5.7264341661e-003 1.9880963265e-002 4.4498674452e-001
42 17 4
2 0 51 -133.7622 -354.2351 1 51 -496.7803 -386.7473
1.9747173831e-002 2.1172641845e-002 4.5555852701e-001
146 99 48
3 0 52 549.1062 -376.0210 1 52 238.1196 -489.2124 2 33 -0.0005 -461.1213
-9.8227361961e-003 2.1039380041e-002 4.4419310499e-001
110 63 25
3 0 54 -245.9995 -386.5767 1 54 -614.3253 -406.7690 2 35 -837.0758 -234.7992
-1.2147939711e-002 2.1793503156e-002 4.4244821256e-001
54 19 3
3 0 55 -311.2314 -410.4187 1 55 -689.6537 -422.4490 2 36 -920.1488 -235.4611
1.2883356633e-002 2.2336238758e-002 4.5515143534e-001
58 30 13
3 0 56 366.7158 -407.5017 1 56 50.3142 -500.5771 2 37 -173.3533 -440.6699
1.1187905524e-002 2.2872324395e-002 4.5434032943e-001
119 69 28
3 0 57 321.7241 -423.1096 1 57 0.0737 -510.7043 2 38 -227.3013 -441.9316
-1.5404131091e-002 2.2886788749e-002 4.4178856520e-001
105 84 64
2 0 58 -401.1702 -440.4211 1 58 -784.3583 -442.8745
-6.9986618924e-003 2.3486161462e-002 4.4729517757e-001
93 54 27
2 0 59 -167.5789 -448.6479 1 59 -525.1040 -479.6079
-1.4722553279e-002 2.3432875974e-002 4.4167673872e-001
72 60 43
3 0 60 -382.4358 -455.7104 1 60 -768.8330 -459.5176 2 39 -999.9042 -261.6995
-9.7394998773e-003 2.3669847072e-002 4.4597887709e-001
60 25 6
3 0 61 -242.8596 -456.2229 1 61 -606.7269 -477.1626 2 40 -826.4757 -306.2314
1.7111739796e-002 2.4446121572e-002 4.5705356688e-001
72 39 17
2 0 62 477.5894 -460.5942 1 62 166.3091 -568.5073
-6.1062202984e-003 2.4227828077e-002 4.4843569129e-001
60 28 8
2 0 63 -142.8462 -468.0959 1 63 -495.9883 -500.2698
-3.3671377248e-003 2.4260309846e-002 4.4787260813e-001
107 63 27
2 0 64 -68.7214 -469.9336 1 64 -427.5254 -510.1194
-1.0961670280e-002 2.5049286467e-002 4.4518178588e-001
78 34 8
3 0 66 -276.2883 -495.5544 1 66 -648.9852 -511.9675 2 42 -874.2061 -332.8792
-1.4144470329e-002 2.5219446021e-002 4.4229779367e-001
94 68 36
3 0 67 -365.8938 -504.7192 1 67 -753.9906 -509.6270 2 43 -989.3267 -312.9904
1.6462205793e-002 2.6584761552e-002 4.5653036530e-001
50 20 4
2 0 68 460.8994 -519.2988 1 68 140.5630 -623.7476
-1.3684700083e-002 2.7708305328e-002 4.4329849309e-001
119 97 61
3 0 69 -352.6270 -569.9143 1 69 -741.5708 -578.5076 2 44 -980.5936 -383.9688
-1.1681072445e-002 2.8995960400e-002 4.4513620692e-001
84 31 3
3 0 70 -296.9924 -602.5320 1 70 -677.9338 -617.3691 2 45 -917.5753 -433.0967
-1.5731482963e-002 2.9316993701e-002 4.4445480975e-001
101 84 65
2 0 71 -407.6406 -612.3752 1 71 -791.5660 -614.6201
-5.6447333042e-003 3.0096693901e-002 4.4801491762e-001
34 17 8
2 0 72 -130.5122 -627.7778 1 72 -503.0774 -661.7886
-6.1329988486e-003 3.0535682521e-002 4.4815323480e-001
19 11 5
2 0 73 -143.7644 -638.6321 1 73 -516.2874 -672.7649
-1.5533919110e-002 3.0977922696e-002 4.4506222428e-001
107 92 72
2 0 74 -401.6606 -656.8232 1 74 -786.5865 -659.4595
-5.3951807850e-004 3.2111356296e-002 4.4864129566e-001
43 20 9
2 0 75 7.9668 -680.7080 1 75 -369.8853 -732.2988
1.0981666958e-002 3.3043845829e-002 4.5128612308e-001
134 91 43
3 0 76 318.7734 -700.6538 1 76 -51.8970 -790.1960 2 46 -341.1926 -711.7173
-1.4639464463e-002 3.2830069683e-002 4.4550986292e-001
102 94 77
2 0 77 -376.8152 -706.9312 1 77 -764.9968 -711.6162
-1.2055356144e-002 3.3032087205e-002 4.4507648849e-001
88 69 44
3 0 78 -306.5645 -713.2781 1 78 -700.7231 -726.3062 2 47 -952.6444 -536.7944
-1.1544885281e-002 3.3235136596e-002 4.4544112019e-001
94 73 44
3 0 79 -292.3203 -717.3989 1 79 -685.5110 -732.6343 2 48 -937.2252 -546.9470
1.1093446660e-002 3.3888070308e-002 4.5216638759e-001
125 93 50
2 0 80 320.7800 -721.4985 1 80 -45.6169 -812.0618
-1.1205371915e-002 3.3895711854e-002 4.4563932214e-001
91 74 47
3 0 81 -282.9734 -735.9326 1 81 -676.6747 -751.6665 2 49 -931.0498 -565.7849
-1.4543774893e-002 3.4297680562e-002 4.4617067470e-001
106 97 79
2 0 82 -373.6675 -745.0813 1 82 -761.8418 -751.2808
-1.3549269277e-002 3.4292477033e-002 4.4570556967e-001
102 92 73
2 0 83 -346.9485 -745.9873 1 83 -739.0487 -755.0195
-1.1778879034e-002 3.4454537588e-002 4.4556554743e-001
62 52 36
3 0 84 -298.8145 -750.6479 1 84 -693.8560 -764.9509 2 50 -948.6919 -577.2017
-1.2687089764e-002 3.4682237462e-002 4.4566926453e-001
108 100 78
3 0 85 -323.3391 -757.6423 1 85 -717.7279 -767.9541 2 51 -968.6479 -575.5964
4.1909473849e-003 3.5799862939e-002 4.5233235988e-001
63 37 18
2 0 86 135.1873 -772.5667 1 86 -232.4268 -841.2292
6.9082044427e-003 3.6304345325e-002 4.5265602874e-001
79 43 20
3 0 87 208.2373 -786.8970 1 87 -160.1785 -862.6733 2 52 -437.8474 -765.9133
1.1482567694e-002 3.6781396121e-002 4.5535695654e-001
105 59 21
2 0 88 329.1458 -793.0903 1 88 -25.4465 -884.8555
9.8910676016e-003 3.7397481467e-002 4.5488315990e-001
108 59 21
2 0 89 286.8540 -809.4321 1 89 -71.8040 -898.3677
-9.1287831079e-003 3.6815744091e-002 4.4726748086e-001
100 81 49
3 0 90 -225.4492 -811.6472 1 90 -618.8878 -834.6226 2 53 -880.0043 -659.1838
-1.0838318444e-002 3.7350394989e-002 4.4686754210e-001
109 91 65
3 0 91 -272.2910 -826.8950 1 91 -668.0034 -844.7146 2 54 -927.4445 -660.3201
-1.0319618623e-002 3.7880510343e-002 4.4718963066e-001
109 91 63
3 0 92 -257.9727 -840.4414 1 92 -653.6539 -860.0764 2 55 -914.6541 -678.4370
7.7133114840e-003 3.8636417785e-002 4.5467451970e-001
73 40 17
3 0 93 228.8276 -844.8306 1 93 -133.5132 -923.9585 2 56 -407.1523 -833.7490
-1.1709894589e-002 3.9496206065e-002 4.4887646814e-001
164 123 72
2 0 94 -294.5500 -880.6157 1 94 -682.8064 -896.0947
-1.5893332010e-003 4.1249184499e-002 4.5158363394e-001
140 94 48
2 0 95 -20.1987 -921.3054 1 95 -404.2725 -970.9226
4.9248606899e-003 4.1685979423e-002 4.5488511447e-001
116 92 61
3 0 96 154.4124 -925.1248 1 96 -214.4722 -996.5615 2 57 -487.6282 -893.2424
-6.9693589031e-003 4.1590140402e-002 4.5002509126e-001
115 93 65
2 0 97 -165.6775 -934.5642 1 97 -556.5920 -965.7139
-7.9756231431e-004 4.1713512381e-002 4.5217008880e-001
87 72 57
3 0 98 1.0959 -931.9587 1 98 -381.0684 -984.8274 2 58 -655.1268 -851.0479
-4.7149482030e-003 4.1976124244e-002 4.5066506813e-001
97 83 62
3 0 99 -104.5366 -943.0896 1 99 -494.4336 -982.4177 2 59 -765.9701 -828.0066
-5.1977899392e-003 4.1982848285e-002 4.5061699397e-001
93 80 61
2 0 100 -117.6389 -943.6255 1 100 -507.2874 -980.9165
-8.7492484448e-003 4.2127398263e-002 4.5045946376e-001
98 87 74
2 0 101 -213.5413 -947.9854 1 101 -601.7336 -973.5020
-5.2790746098e-003 4.3489807927e-002 4.5244123372e-001
105 89 69
2 0 102 -119.2729 -979.4771 1 102 -501.5347 -1017.3945
5.5332362612e-003 -9.2895288097e-004 4.4508493058e-001
159 126 66
4 0 103 173.3884 214.4188 1 103 -137.0945 150.4474 2 60 -325.3682 248.5265 4 6 -858.3845 401.0189
4.6096829837e-004 1.8727021601e-003 4.4227458832e-001
158 124 70
3 0 104 35.4749 137.0792 1 104 -298.5781 87.9664 2 61 -502.2661 212.0519
1.2486734408e-002 3.4538666720e-003 4.4682978143e-001
88 66 43
3 0 106 362.3169 94.2769 1 106 47.3232 9.3179 2 62 -167.6138 79.5073
-2.1855183622e-003 4.4049213925e-003 4.4072710769e-001
89 67 40
3 0 107 -37.6089 67.7716 1 107 -386.7234 25.9834 2 63 -602.9708 163.1921
-8.6950727432e-003 4.0158642325e-002 4.4871378118e-001
100 83 61
3 0 108 -213.0232 -898.7590 1 108 -606.7604 -924.3032 2 64 -871.0959 -750.3254
-8.5174724292e-003 4.0998144121e-002 4.4933766403e-001
122 105 80
3 0 109 -207.7844 -920.7432 1 109 -600.1416 -946.4517 2 65 -863.4138 -772.7329
-4.1728097597e-003 4.1835036354e-002 4.5078097011e-001
90 72 55
3 0 110 -89.8804 -939.5200 1 110 -478.9485 -979.7773 2 66 -751.2850 -828.2422
-1.4132455688e-002 8.6132009862e-003 4.3854888242e-001
151 116 71
2 0 112 -368.9937 -49.5903 1 112 -733.8207 -55.6606
8.6296692974e-003 9.5105673486e-003 4.5103423278e-001
42 18 8
3 0 113 255.1865 -67.7013 1 113 -49.2673 -143.8097 2 68 -241.9187 -63.4896
-1.3481975588e-002 1.9267825373e-002 4.4057768688e-001
136 90 43
3 0 114 -349.7031 -342.2156 1 114 -731.2919 -350.1262 2 69 -961.6204 -158.4506
1.4811409643e-002 2.2494631890e-002 4.5576230156e-001
63 30 11
2 0 115 417.5212 -410.4194 1 115 104.2261 -510.3738
-1.5236453741e-002 2.9894894709e-002 4.4452737844e-001
93 80 66
2 0 116 -394.0049 -628.5234 1 116 -779.6050 -631.3547
-1.3405935708e-002 3.1685225747e-002 4.4452014236e-001
87 77 61
2 0 117 -343.9868 -677.2122 1 117 -736.4750 -686.2729
1.0499428228e-002 3.3192026841e-002 4.5157660579e-001
121 89 44
2 0 118 305.2261 -704.6638 1 118 -62.7419 -791.5938
-1.3531901654e-002 3.3490494189e-002 4.4510505852e-001
111 97 77
2 0 119 -346.9751 -725.2004 1 119 -740.6708 -734.3704
-1.0362708885e-002 3.5411765976e-002 4.4641728350e-001
87 71 48
3 0 120 -259.6455 -775.1438 1 120 -653.1404 -794.3723 2 70 -910.8542 -612.6335
-4.1518669855e-003 5.0731113108e-004 4.4290990749e-001
142 124 77
3 0 121 -91.5491 175.1891 1 121 -413.5803 138.7704 2 71 -591.0005 278.1003
6.0300231690e-003 3.5908706234e-003 4.4392811489e-001
90 71 49
6 0 122 186.6448 91.0392 1 122 -143.1089 24.6718 2 72 -359.5183 123.7988 3 7 -819.0538 173.0143 4 8 -930.9980 295.2271 5 4 -1240.5027 433.4930
1.1589440172e-002 4.2873643957e-003 4.4644664367e-001
45 35 25
3 0 123 337.9729 73.1201 1 123 18.7180 -11.2363 2 73 -199.9082 62.3329
-3.9576583302e-003 4.7096472054e-003 4.4020444674e-001
90 71 52
4 0 124 -86.7019 59.1490 1 124 -438.4023 22.5000 2 74 -653.6866 168.8357 3 8 -1072.8201 253.2544
1.5179247412e-002 8.2104531779e-003 4.4954459917e-001
76 63 44
3 0 126 432.9641 -32.8126 1 126 120.8291 -127.9813 2 76 -99.6484 -73.5281
1.1574196068e-002 9.8841908601e-003 4.5240314035e-001
69 42 23
2 0 127 333.4690 -76.3804 1 127 35.5454 -162.1407
1.2067906214e-002 1.5450762716e-002 4.5556530563e-001
89 59 34
3 0 128 344.4761 -223.4247 1 128 50.4556 -312.4934 2 77 -140.9036 -251.1227
-1.3475922132e-002 1.9181245878e-002 4.4069254919e-001
133 86 39
2 0 129 -349.0647 -339.1345 1 129 -730.7291 -348.6541
-7.7681564707e-003 2.2408654101e-002 4.4595142991e-001
71 33 10
2 0 130 -189.1382 -420.9119 1 130 -551.5018 -449.6165
-3.9324071146e-003 3.0123875972e-002 4.4810844599e-001
23 11 5
3 0 131 -84.0681 -628.4299 1 131 -457.2974 -667.7617 2 78 -707.5079 -520.9458
-1.6479671209e-003 3.1215122520e-002 4.4790957865e-001
40 19 9
2 0 132 -22.0833 -658.5332 1 132 -401.3513 -704.8311
-1.1947243864e-002 3.3079090510e-002 4.4511973860e-001
91 69 43
3 0 133 -303.4436 -714.2190 1 133 -698.0050 -727.6970 2 79 -949.8246 -539.2695
-3.2042545345e-003 3.3582774953e-002 4.4936332299e-001
33 20 12
3 0 134 -64.0371 -719.4861 1 134 -439.6733 -762.4590 2 80 -695.7852 -617.9836
1.1786510184e-002 3.4483731412e-002 4.5317756685e-001
106 85 55
5 0 135 338.5276 -736.7781 1 135 -22.6965 -828.4648 2 81 -306.4329 -755.8748 3 10 -827.5015 -711.7292 4 10 -1003.3435 -567.0859
1.5349603203e-002 3.4973752043e-002 4.5689666047e-001
87 43 10
2 0 136 431.0447 -742.4194 1 136 89.8955 -845.0020
-7.0050493411e-003 3.7887291565e-002 4.4885767097e-001
45 19 6
3 0 137 -167.3213 -836.9360 1 137 -554.7485 -867.7539 2 82 -816.6704 -703.3706
-1.3289409930e-002 6.4070671820e-003 4.3919867374e-001
161 113 57
2 0 138 -345.0356 11.0206 1 138 -700.2797 3.6367
-7.2105926313e-003 6.5168520248e-003 4.3935512270e-001
106 85 56
4 0 139 -176.8665 9.1505 1 139 -537.0620 -18.4160 2 83 -752.1045 142.2085 3 11 -1160.8860 242.2303
-1.3236706656e-002 1.6453277660e-002 4.3997106249e-001
139 94 46
2 0 140 -342.9443 -266.3470 1 140 -721.7823 -273.1011
-5.1515225229e-003 3.6274436731e-002 4.4947361077e-001
15 6 3
2 0 141 -116.6243 -793.3203 1 141 -497.6379 -827.5115
-1.1374526891e-002 8.2165397732e-003 4.3858028034e-001
124 81 42
2 0 142 -292.5439 -38.6138 1 142 -658.6884 -52.7543
-1.1827610784e-002 4.2395328017e-002 4.5203376778e-001
159 129 89
2 0 146 -295.5039 -951.5107 1 146 -671.8436 -967.0562
-1.2046352636e-002 6.9291134278e-003 4.3859417028e-001
151 106 57
2 0 149 -311.1514 -2.8595 1 149 -672.9183 -15.2576
-4.3907738110e-003 7.0502663698e-003 4.4058267727e-001
135 97 53
3 0 150 -98.4868 -5.2006 1 150 -454.3455 -41.0593 2 86 -673.6355 107.1990
2.8355259010e-003 7.1141655487e-003 4.4670256788e-001
49 27 16
3 0 151 99.8289 -4.2063 1 151 -222.3721 -62.6429 2 87 -420.0364 46.0881
-1.3284094637e-002 7.0577168770e-003 4.3862956051e-001
151 115 61
2 0 152 -345.4209 -6.3403 1 152 -706.1437 -15.2651
1.6543119107e-002 7.3783551047e-003 4.5001365493e-001
108 91 48
2 0 153 469.3711 -11.2336 1 153 162.3853 -108.2352
-1.1214717214e-002 7.3510905106e-003 4.3846379615e-001
134 87 40
2 0 154 -288.2017 -14.6179 1 154 -652.7795 -29.3647
-7.7669719011e-003 7.6170968832e-003 4.3939995310e-001
138 102 59
3 0 155 -192.2844 -21.3292 1 155 -554.4613 -46.3076 2 88 -772.2666 116.1670
-2.5466298576e-004 7.7034034660e-003 4.4516718897e-001
51 28 15
3 0 156 15.8296 -21.6948 1 156 -315.9338 -70.0138 2 89 -516.8564 54.4674
1.2399909292e-002 7.8884237470e-003 4.5104437992e-001
73 48 28
2 0 157 356.6558 -23.5181 1 157 55.6760 -110.7156
1.1371268838e-002 8.3508704831e-003 4.5116444056e-001
54 30 12
2 0 158 328.8645 -35.9727 1 158 27.6465 -120.1932
-1.1922116434e-002 8.1777205899e-003 4.3848238538e-001
124 81 40
2 0 159 -307.7859 -37.6615 1 159 -673.9396 -50.0145
-2.2150093038e-003 8.3540408150e-003 4.4398068041e-001
60 30 12
3 0 161 -37.8481 -39.8156 1 161 -377.6470 -83.0153 2 91 -583.1516 52.5972
1.6413416861e-002 8.4643019548e-003 4.5015455048e-001
123 118 78
2 0 162 465.6682 -39.4573 1 162 156.5430 -138.4752
-3.4778429970e-003 8.4489025503e-003 4.4285759149e-001
58 30 13
3 0 163 -72.9316 -44.1049 1 163 -418.2832 -81.6259 2 92 -629.1188 60.9490
-2.8222795800e-003 8.6815401891e-003 4.4363867185e-001
53 27 11
3 0 164 -54.5618 -48.7695 1 164 -397.0098 -90.0187 2 93 -604.2333 47.9949
-1.1509110370e-002 8.7480222885e-003 4.3857616326e-001
118 82 44
2 0 165 -296.2908 -53.1160 1 165 -663.8447 -67.2854
9.9933252617e-003 9.3015138857e-003 4.5205601663e-001
68 39 21
2 0 166 291.2415 -61.4165 1 166 -6.6758 -141.3538
1.2512928796e-002 9.3310657452e-003 4.5212392762e-001
80 53 33
2 0 167 358.8923 -61.6925 1 167 60.5105 -149.9838
2.3804966953e-004 9.2498684715e-003 4.4657294231e-001
60 34 14
2 0 168 29.0803 -62.7520 1 168 -298.1165 -113.4139
-7.0525109114e-004 9.4982732968e-003 4.4614173039e-001
71 38 16
2 0 169 3.3889 -69.6564 1 169 -326.6279 -117.6610
1.5565168874e-002 9.5317544444e-003 4.5023190164e-001
85 66 45
2 0 170 442.6919 -68.1443 1 170 131.2256 -165.1597
-1.2263759816e-002 9.3929564191e-003 4.3854052351e-001
146 100 49
2 0 171 -317.2061 -71.3912 1 171 -686.1201 -82.5222
1.1937278665e-002 9.6623462551e-003 4.5223305098e-001
75 48 25
2 0 172 343.3411 -70.5018 1 172 44.8774 -157.2731
-1.0496260333e-003 9.6119230984e-003 4.4591354448e-001
67 34 16
3 0 173 -5.9417 -73.4203 1 173 -337.5320 -119.9236 2 94 -537.3623 7.8796
1.2002481487e-003 9.7020485048e-003 4.4773491475e-001
42 18 7
3 0 174 55.2307 -74.4226 1 174 -266.6506 -128.4371 2 95 -460.6162 -12.9193
6.2616848213e-003 9.7674526003e-003 4.5065042963e-001
86 51 28
2 0 175 191.4460 -74.5549 1 175 -114.9656 -143.7552
1.1315716878e-002 9.7834576104e-003 4.5221225766e-001
57 29 12
2 0 176 326.6665 -73.9854 1 176 27.9265 -158.5273
-4.3118709505e-003 9.9295748851e-003 4.4295540328e-001
70 33 12
3 0 177 -95.6768 -83.1357 1 177 -444.6462 -119.8173 2 96 -656.6583 25.1565
-4.1371961595e-004 1.0070680319e-002 4.4669429214e-001
64 31 12
3 0 178 11.5566 -85.6255 1 178 -317.1724 -134.2166 2 97 -514.6484 -9.5613
-8.9111679946e-003 1.0139505566e-002 4.3991475418e-001
92 49 19
3 0 179 -223.5129 -90.9362 1 179 -588.8771 -112.6808 2 98 -807.4469 55.5156
-8.8279162432e-004 1.0273482140e-002 4.4635215882e-001
65 34 13
3 0 180 -1.3438 -90.8625 1 180 -332.2925 -138.3541 2 99 -531.7161 -11.9130
7.8271880628e-003 1.0556293416e-002 4.5132380058e-001
85 51 25
3 0 181 233.2646 -94.9984 1 181 -71.7410 -169.4414 2 100 -263.7993 -87.1886
-9.1537675842e-003 1.0487144573e-002 4.3986543242e-001
104 62 30
3 0 182 -230.2056 -100.7444 1 182 -596.7019 -121.8605 2 101 -815.9501 48.3508
5.5139913917e-003 1.0771597871e-002 4.5105086743e-001
60 34 19
3 0 183 171.2822 -100.9500 1 183 -135.5403 -168.8677 2 102 -322.3489 -76.1755
1.0580208335e-002 1.0902648434e-002 4.5269096152e-001
76 43 20
3 0 184 306.6760 -103.3813 1 184 7.7102 -186.3604 2 103 -183.5125 -117.4192
1.6259565770e-002 1.0823305665e-002 4.5078724969e-001
92 74 49
2 0 185 460.9019 -102.6971 1 185 149.1094 -202.1469
-9.3879055912e-003 1.0899900467e-002 4.3985570114e-001
90 51 23
3 0 186 -236.6580 -112.5583 1 186 -604.1605 -132.4553 2 104 -824.1396 39.1575
2.0305597019e-003 1.1190736015e-002 4.4969647359e-001
51 23 7
2 0 187 77.4592 -113.2809 1 187 -236.7310 -170.6234
1.7533861376e-004 1.1399228059e-002 4.4839431258e-001
55 30 14
3 0 188 27.4890 -119.7566 1 188 -294.7122 -171.3490 2 105 -486.1572 -52.3700
-2.4248096205e-004 1.1579147478e-002 4.4809301734e-001
61 30 12
3 0 189 15.9783 -124.9700 1 189 -307.8586 -174.8215 2 106 -501.3091 -54.0881
1.6405920868e-002 1.1675675278e-002 4.5138896685e-001
99 79 50
2 0 190 464.2412 -124.9513 1 190 153.7715 -225.8008
-1.3924141687e-002 1.1421714737e-002 4.3875872863e-001
132 105 72
2 0 191 -363.0483 -127.1753 1 191 -734.7091 -133.8932
-1.1546500662e-002 1.1499724784e-002 4.3905557410e-001
131 88 40
2 0 192 -296.9749 -129.1395 1 192 -669.2351 -142.9890
8.3914532001e-003 1.1965886377e-002 4.5267960837e-001
73 45 23
3 0 193 247.8032 -131.7155 1 193 -53.1094 -208.7983 2 107 -241.7266 -130.5197
1.6988812274e-002 1.2014384202e-002 4.5152832370e-001
105 82 50
3 0 194 479.8972 -134.2157 1 194 169.0049 -236.5697 2 108 -56.0908 -191.2068
1.0630918700e-002 1.2237195047e-002 4.5355500723e-001
68 39 18
3 0 195 307.5264 -139.4807 1 195 10.3025 -222.7050 2 109 -179.5737 -153.0283
-9.8919383220e-003 1.2023083609e-002 4.4029086379e-001
63 31 13
3 0 196 -250.3872 -141.8298 1 196 -617.9404 -162.2677 2 110 -836.6602 10.8774
1.1934310418e-002 1.2327042993e-002 4.5409272255e-001
80 49 26
2 0 197 341.9783 -141.1511 1 197 47.5066 -228.1426
-1.4124764757e-002 1.2115775041e-002 4.3885042718e-001
161 122 74
2 0 198 -368.5474 -145.9821 1 198 -741.3842 -152.7773
1.3554697633e-002 1.2510614239e-002 4.5407068163e-001
88 51 25
2 0 199 385.3413 -145.7574 1 199 89.7683 -238.2260
1.2771744577e-002 1.2613634754e-002 4.5414441475e-001
82 47 21
3 0 200 364.3486 -148.6056 1 200 69.1284 -238.4729 2 111 -124.4587 -179.7963
7.6766151690e-004 1.2617541300e-002 4.4965355618e-001
71 39 18
3 0 201 43.4255 -151.7312 1 201 -274.5508 -205.8834 2 112 -463.0986 -90.3563
-4.0581868957e-003 1.2645326376e-002 4.4387642269e-001
61 26 5
3 0 202 -88.5273 -157.1925 1 202 -439.3384 -194.8076 2 113 -655.6534 -50.5026
-5.1454612695e-003 1.3107938809e-002 4.4264396090e-001
108 64 28
3 0 203 -118.5225 -170.6864 1 203 -478.1379 -204.9464 2 114 -701.2738 -53.8850
1.5314965427e-002 1.3439861313e-002 4.5394837530e-001
97 60 31
2 0 204 432.5642 -170.6716 1 204 133.2153 -268.7091
1.8731646166e-002 1.3460295950e-002 4.5281326784e-001
101 84 47
3 0 205 525.1208 -172.0284 1 205 218.5300 -280.3359 2 115 -7.8184 -244.0781
1.3484691716e-002 1.4224701363e-002 4.5510340277e-001
98 61 33
2 0 206 382.6660 -190.9713 1 206 88.6650 -283.4767
8.8499927409e-003 1.4378327626e-002 4.5483803839e-001
77 43 20
3 0 207 258.9719 -194.8121 1 207 -35.4746 -274.4374 2 116 -218.0854 -199.6849
1.2121040950e-002 1.4815680071e-002 4.5552883414e-001
90 55 28
2 0 208 345.9263 -205.9924 1 208 53.2751 -295.4469
6.1000155223e-004 1.5055792260e-002 4.5103918159e-001
79 40 16
2 0 209 39.0007 -216.1135 1 209 -276.8464 -270.8722
5.1164883741e-003 1.5142766828e-002 4.5389934465e-001
76 41 20
2 0 210 159.5730 -216.3915 1 210 -141.2847 -284.2904
-5.0275030265e-003 1.4839984866e-002 4.4236491451e-001
153 111 49
3 0 211 -115.3418 -218.6923 1 211 -481.7441 -253.3923 2 117 -714.1099 -100.4459
1.1879279428e-003 1.5213755230e-002 4.5161835878e-001
79 42 18
2 0 212 54.5605 -220.3298 1 212 -258.4895 -276.0160
1.0568168352e-002 1.5341952560e-002 4.5542120791e-001
99 57 25
2 0 213 304.5845 -220.4021 1 213 10.3003 -304.7947
5.2376172737e-003 1.5559257073e-002 4.5410960672e-001
96 56 26
3 0 214 162.7644 -227.1256 1 214 -138.0972 -295.8224 2 118 -318.8853 -204.8512
1.4081996792e-002 1.5584005025e-002 4.5515076996e-001
86 48 23
2 0 215 398.5791 -227.1885 1 215 100.9304 -321.9248
